SYMBOL	LOXIMVI_SKIN	PC3_PROSTATE	COLO205_LARGE_INTESTINE	NCIH23_LUNG	OVCAR4_OVARY	SW620_LARGE_INTESTINE	NCIH522_LUNG	HL60_HAEMATOPOIETIC_AND_LYMPHOID_TISSUE	IGROV1_OVARY	786O_KIDNEY	MCF7_BREAST	A549_LUNG	SKMEL2_SKIN	MDAMB231_BREAST	ACHN_KIDNEY	NCIH460_LUNG	KM12_LARGE_INTESTINE	A498_KIDNEY	HS578T_BREAST	CAKI1_KIDNEY	K562_HAEMATOPOIETIC_AND_LYMPHOID_TISSUE	NCIH226_LUNG	DU145_PROSTATE	OVCAR8_OVARY	T47D_BREAST	MOLT4_HAEMATOPOIETIC_AND_LYMPHOID_TISSUE	MALME3M_SKIN	NIHOVCAR3_OVARY	RPMI8226_HAEMATOPOIETIC_AND_LYMPHOID_TISSUE	SF295_CENTRAL_NERVOUS_SYSTEM	HT29_LARGE_INTESTINE	SNB19_CENTRAL_NERVOUS_SYSTEM	SKOV3_OVARY	SKMEL5_SKIN	BT549_BREAST	UACC62_SKIN	HCT116_LARGE_INTESTINE	UACC257_SKIN	SKMEL28_SKIN	HCT15_LARGE_INTESTINE
ACLY	0.2845	-0.4977	0.2681	0.2376	-0.4498	-0.095	0.7652	0.0702	0.0123	-0.1453	-1.8453	0.454	0.4531	0.098	0.3121	0.2977	0.0347	0.3458	-0.252	0.149	0.073	0.1187	0.1636	-0.2192	0.48	0.2578	0.2697	-0.671	0.0561	0.6515	0.0329	0.1104	0.2649	0.126	-0.3642	0.1752	-0.0087	0.1894	-0.035	0.0082
ACO1	0.2914	-0.502	0.0153	-1.1444	-0.4651	-0.1064	-0.1892	-0.9715	0.0239	-0.2208	-0.3313	0.0929	-0.0066	0.1333	-0.1907	-0.2995	0.0193	0.3457	-0.3141	-0.2886	-0.4165	-0.9024	-0.3044	-0.2062	-0.4409	-0.0541	-0.2275	0.2649	-0.2595	0.0504	-0.1098	0.186	-0.7566	-0.2606	0.5279	-0.0908	-0.0245	-0.4898	-0.2679	0.0037
ACO2	-0.693	-0.533	-0.0832	-0.3151	0.185	-0.1163	-0.2554	0.0594	-0.0225	0.0927	-0.982	-0.5178	1.3865	-0.4464	-0.262	-0.3257	0.0079	-0.0732	0.5225	-0.6068	-0.4065	-0.7246	-0.3592	-0.2384	-0.4971	-0.016	0.2047	-0.7613	0.06	-0.0221	-0.6032	-0.4084	0.0509	0.22	-0.1771	0.2164	-0.0284	-0.0684	0.6278	0.0221
ALDOA	-0.1087	-0.4899	-0.088	-0.2265	0.4421	-0.1228	-0.2026	0.0602	0.0077	0.0901	0.0668	0.0811	-0.041	-0.3671	0.6126	0.1896	0.0015	0.2773	-0.3577	-0.0413	0.0881	0.0816	0.1743	-0.3085	0.1002	-0.0365	-0.197	-0.0569	0.4495	0.3296	-0.0481	-0.4732	0.08	-0.2205	-0.0864	-0.2143	-0.0032	-0.1069	0.1887	0.0
ALDOB	0.2343	-0.5055	0.2937	-0.2114	-0.4401	-0.0902	-0.1675	0.0624	0.0376	0.3849	0.1323	0.0894	-0.013	0.1745	-0.2146	0.2992	0.0509	0.3409	-0.3236	-0.2865	0.0403	0.0681	0.1798	-0.2436	-0.455	-0.0368	-0.2179	0.068	-0.3324	-0.0295	-0.0137	0.0513	0.1216	0.1492	0.15	-0.1595	-0.023	-0.5801	-0.0473	0.0043
ALDOC	0.2582	-0.5709	0.2617	0.2388	-0.5045	-0.0978	-0.271	0.0747	0.0123	-0.2438	0.0824	0.4549	-0.0422	0.0712	0.3073	0.2578	0.011	0.3278	-0.2714	0.1556	0.0883	0.1162	0.69	-0.2815	0.4745	0.2329	0.2697	0.2731	-0.0015	0.6614	-0.0167	0.0945	0.1123	0.0174	-0.4759	0.1981	-0.0417	0.2084	-0.0216	0.0082
BPGM	-0.0905	0.3739	0.0036	0.5789	0.7483	0.4915	0.4092	0.062	0.1625	0.655	0.102	0.5149	0.4283	0.2717	0.7193	0.2911	0.0357	0.6515	0.2223	0.5219	0.6141	-0.9571	0.054	0.3054	-0.4381	0.507	0.9776	-0.1002	0.4482	0.7531	0.3268	0.4888	-0.8332	0.5062	0.0329	0.3479	-0.0528	0.2469	0.1449	0.0024
CLYBL	-0.0413	-0.0249	1.1127	-0.1942	-0.4464	0.5156	-1.2694	0.1639	0.0557	-0.1977	-0.9719	-0.4137	-0.8799	-0.365	-0.1819	-0.24	0.0542	-0.0497	-0.361	-0.1041	-2.811	0.1762	-0.2995	0.2845	-0.3067	-0.0537	-0.2027	-0.6656	-0.381	0.1125	0.4421	-0.3083	-0.0387	0.0886	-2.6828	-0.5842	-0.0113	0.5025	-0.2594	0.0182
CS	0.2851	0.0401	-0.1172	0.3444	0.1922	0.3841	-0.2126	0.0638	0.0576	0.0654	0.0763	0.3741	-0.0215	-0.2191	0.6993	0.3009	0.0319	-0.0443	-0.2815	0.1042	0.0587	0.3963	0.1852	0.2914	0.4463	-0.0118	0.1742	-0.1225	0.0998	-0.0323	0.0111	-0.3444	0.1078	0.106	-0.2137	0.3048	-0.0002	-0.0277	-0.3129	0.0318
DLD	-0.0636	0.3962	0.0048	0.3714	1.4269	0.1888	0.4234	0.0595	0.1832	0.6458	0.539	0.1355	0.4114	0.2717	0.7027	0.2947	0.0511	0.6829	0.2223	0.6697	0.524	0.1124	0.0731	-1.1931	-0.4339	0.4893	0.98	-0.1302	0.5008	0.7292	0.386	0.4888	-0.8001	0.5428	0.0656	0.3457	-0.0125	0.2649	0.1303	0.0065
DLST	-0.1051	0.1658	-0.0092	0.1803	0.1066	-0.102	-0.2524	-0.9096	0.0101	-0.7223	0.4273	0.0978	-0.0254	0.0933	-0.2134	0.3123	0.0865	-0.6885	-0.3005	-0.63	-0.4539	-0.4557	0.3778	-0.2668	0.5064	-0.0256	0.1931	0.6269	-0.4634	-0.6991	-0.5927	-0.3961	0.0823	-0.1647	-0.1575	0.2869	-0.0252	-0.1185	-0.3884	-0.0293
ENO1	-0.6896	0.0522	-0.0841	0.1016	0.133	-0.0715	0.379	0.0526	0.0062	0.1493	-0.3669	-0.5143	0.0381	0.0698	-0.2446	-0.3468	0.0215	-0.6691	0.2435	-0.0343	0.3637	0.1157	-0.3365	-0.2649	-0.4816	-0.0433	-0.2792	0.8422	0.3881	-0.065	0.0041	0.1161	0.066	-0.1422	0.4157	0.1831	-0.0197	0.2886	0.6622	0.0119
ENO1-AS1	-0.6896	0.0522	-0.0841	0.1016	0.133	-0.0715	0.379	0.0526	0.0062	0.1493	-0.3669	-0.5143	0.0381	0.0698	-0.2446	-0.3468	0.0215	-0.6691	0.2435	-0.0343	0.3637	0.1157	-0.3365	-0.2649	-0.4816	-0.0433	-0.2792	0.8422	0.3881	-0.065	0.0041	0.1161	0.066	-0.1422	0.4157	0.1831	-0.0197	0.2886	0.6622	0.0119
ENO2	0.2533	-0.5567	-0.0758	0.8675	-0.1156	0.3282	-0.2672	0.0654	0.0034	0.0583	-0.3487	0.3624	-0.0401	-0.1913	0.7081	-0.3787	0.042	-0.1047	-0.3064	0.0703	-0.3966	0.0818	-0.3643	0.2913	-1.4976	-0.0132	0.1366	-0.1138	0.0834	-0.0796	-0.0407	-0.4014	-0.9342	-0.0621	-0.2714	0.2209	-0.0228	-0.0616	-0.3127	0.0173
ENO3	-0.0936	-0.5029	-0.1088	0.2049	-0.4833	0.3168	-1.4056	-0.8811	-0.014	-0.2153	0.0455	0.4549	-1.006	0.0917	0.298	0.272	0.011	0.3271	0.2243	-0.2961	-0.447	0.1095	0.1593	-0.246	-0.5136	-0.4124	0.2395	-0.7476	-0.5341	-0.1387	-0.5681	0.1067	-0.9	0.0174	0.2272	0.173	-0.0265	0.2299	-0.0708	-0.0007
FH	-0.088	0.9633	0.2287	-0.2281	0.4946	-0.1268	0.4592	0.0567	0.2387	0.1583	0.0831	0.1278	0.192	0.1055	0.3322	0.697	0.0513	0.3588	-0.2988	0.7086	0.3784	-0.8923	0.182	0.3209	0.1674	-0.0283	0.3602	0.2134	0.4162	-0.0281	0.092	0.1606	0.0594	0.0507	0.0509	0.273	-0.0527	0.2854	-0.0184	0.0162
G6PD	0.4142	0.0223	-0.0076	0.4537	0.4024	-0.0724	-0.0597	0.0399	-0.0559	0.4686	0.379	-0.0126	0.351	-0.2376	-0.0216	-0.0165	0.0182	0.2206	-0.244	0.0292	0.0264	0.9562	0.0214	0.7377	-0.4961	0.0489	-0.0069	-0.3336	0.0156	-0.0044	0.544	0.1511	-0.1211	0.0896	0.7135	-0.0567	0.0865	0.1256	0.0048	0.0583
GAPDH	0.2533	-0.5567	-0.0758	0.8675	-0.1156	0.3282	-0.2672	0.0654	0.0034	0.0583	-0.3487	0.3624	-0.0401	-0.1913	0.7081	-0.3787	0.042	-0.1047	-0.3064	0.0703	-0.3966	0.0818	-0.3643	0.2913	-1.4976	-0.0132	0.1366	-0.1138	0.1214	-0.0796	-0.0407	-0.4014	-0.9342	-0.0621	-0.2714	0.2209	-0.0228	-0.0616	-0.3127	0.0173
GAPDHS	-0.0879	-0.5565	-0.1105	-0.3495	0.4083	-0.1372	-0.2204	0.0499	-0.0115	-0.2636	0.0617	0.978	-0.0729	0.0909	-0.2381	0.2555	-0.0269	-0.0712	0.1967	-0.1993	0.0562	0.096	0.1242	-0.2717	-0.4419	-0.0348	-0.0309	0.8206	-0.4799	0.2769	0.3716	0.8186	0.1132	-0.277	-0.1091	0.0992	-0.0453	0.2264	0.252	-0.0266
GCK	-0.0968	0.3994	0.003	0.3793	0.4965	0.2221	0.8622	0.0608	0.1655	0.1641	-0.3005	0.1425	0.4885	0.1228	0.7288	0.3313	0.0104	0.6597	0.2312	0.1555	0.0351	0.4845	0.211	-0.2577	0.536	-0.0692	0.142	-0.1885	0.3713	0.7027	0.3737	0.5182	-0.8153	0.522	0.3377	0.6373	-0.0402	0.2781	0.0669	0.0036
GPI	-0.0879	-0.5261	-0.1105	-0.2812	1.0064	-0.1372	-0.2204	0.0351	-0.0115	-0.2639	0.0617	0.978	-0.0729	0.0909	-0.2179	-0.3575	-0.0063	0.6058	0.1967	-0.2396	0.0562	0.096	0.1242	-0.2717	-0.4419	-0.0348	-0.0427	0.8309	-0.4799	0.2975	0.3716	0.8376	0.1132	-0.2436	-0.1485	0.2151	-0.0612	0.2264	0.252	-0.0266
H6PD	-0.6896	0.0522	-0.0841	0.1016	0.133	-0.0715	0.379	0.0526	0.0062	0.1493	-0.3669	-0.5143	0.0381	0.0698	-0.2446	-0.3468	0.0215	-0.6691	0.2435	-0.0343	0.3637	0.1157	-0.3365	-0.2649	-0.4816	-0.0433	-0.2792	0.8422	0.3881	-0.065	0.0041	0.1161	0.066	-0.1422	0.4157	0.1831	-0.0197	0.2886	0.6622	0.0119
HK1	-0.086	0.9032	-0.0847	-0.2408	0.4917	0.3733	-0.1238	0.0522	0.0604	0.1777	0.1179	0.1467	-0.0128	-0.027	0.3782	0.2902	0.0275	-0.0604	-0.3223	0.3042	0.3685	0.1499	0.1733	0.2091	-0.4697	-0.0525	-0.2177	0.2983	-0.4525	-0.6477	0.0374	-0.0124	0.1322	-0.2802	0.24	-0.7935	-0.0043	-0.6238	-0.3349	-0.002
HK2	0.2892	0.0485	-0.0843	0.5908	0.123	-0.0291	0.7992	0.0501	0.0391	0.132	0.0859	0.4952	0.0064	0.0256	0.3318	0.2977	0.0306	0.3285	0.173	0.0198	0.0624	0.0934	0.1599	-0.1795	-0.3915	-0.0328	0.2085	-0.1119	0.0962	-0.0432	0.0747	0.1276	0.1018	0.3282	-0.3943	0.2502	-0.0224	0.2578	0.3306	-0.006
HK3	-0.0666	0.1179	0.3446	-0.216	0.7803	-0.1039	-0.1976	0.0536	-0.1023	0.148	0.5348	0.1388	0.4883	0.1213	-0.2336	0.2924	-0.0033	-0.0272	0.1166	0.2915	0.0287	0.1032	0.1111	0.5201	0.1314	-0.0613	-0.8019	-0.1225	-0.0432	0.3944	-0.0006	0.1786	-0.3419	-0.2827	0.416	-0.1183	-0.0592	-0.1359	0.2643	-0.0345
HKDC1	-0.086	0.9032	-0.0847	-0.2408	0.4917	0.3733	-0.1238	0.0522	0.0604	0.1777	0.1179	0.1467	-0.0128	-0.027	0.3782	0.2902	0.0275	-0.0604	-0.3223	0.3042	0.3685	0.1499	0.1733	0.2091	-0.4697	-0.0525	-0.2177	0.2983	-0.4525	-0.6477	0.0374	-0.0124	0.1322	-0.2802	0.24	-0.7935	-0.0043	-0.6238	-0.3349	-0.002
IDH1	0.2199	0.0368	-0.0872	0.265	0.1283	-0.015	0.4153	0.0427	0.0944	0.151	0.1301	0.1011	-0.0024	-0.3599	0.324	0.2998	0.0419	0.3336	0.0478	-0.0276	-0.4522	-0.9124	-0.246	-1.1549	-0.3809	0.0083	0.1871	-0.1042	0.1284	-0.0154	-0.0164	0.1233	0.1291	-0.115	-0.4088	0.2798	-0.0109	0.273	0.3978	-0.0153
IDH1-AS1	0.2199	0.0368	-0.0872	0.265	0.1283	-0.015	0.4153	0.0427	0.0944	0.151	0.1301	0.1011	-0.0024	-0.3599	0.324	0.2998	0.0419	0.3336	0.0478	-0.0276	-0.4522	-0.9124	-0.246	-1.1549	-0.3809	0.0083	0.1871	-0.1042	0.1284	-0.0154	-0.0164	0.1233	0.1291	-0.115	-0.4088	0.2798	-0.0109	0.273	0.3978	-0.0153
IDH2	-0.1064	-0.465	0.2649	-0.2437	-0.4774	-0.1131	-0.2094	0.0507	-0.003	-0.1695	0.7663	0.4814	-0.0008	-0.4222	-0.2319	0.0735	0.039	-0.0755	-0.3167	-0.2199	0.0268	0.4805	0.2	-0.2659	0.0622	-0.0298	0.32	-0.7345	0.4005	-0.0671	0.3887	0.138	0.0586	0.0696	-0.3432	-0.132	-0.0751	0.3418	0.6809	0.0047
IDH3A	-0.1239	-0.465	0.2553	-0.2437	-0.4712	-0.117	-0.2545	0.0507	-0.0141	-0.1695	0.7683	0.4632	-0.0008	-0.3859	-0.2492	0.0617	0.039	-0.0755	-0.3268	-0.2199	0.0601	0.4805	0.2	-0.2376	0.0651	-0.0298	0.3285	-0.7274	0.0617	-0.0671	0.3647	0.138	0.0453	0.0839	-0.3861	-0.1273	-0.0196	0.2361	0.1093	-0.0029
IDH3B	-0.0568	0.3239	0.5644	-0.2294	0.1277	0.6206	-0.1864	0.0657	0.2745	-0.2099	-0.4077	0.5239	0.1304	0.1452	-0.2021	0.314	0.0573	-0.6081	0.2613	-0.5639	-0.4332	-0.8904	-0.3134	0.2654	0.1161	0.4842	0.4873	-0.734	0.2265	-0.0288	0.1292	0.1887	0.1083	0.3995	0.2869	0.2999	-0.0191	0.5401	0.566	0.0194
IDH3G	0.4142	0.0223	-0.0076	0.4537	0.4024	-0.0724	-0.0597	0.0399	-0.0559	0.4686	0.379	-0.0126	0.351	-0.2376	-0.0216	-0.0165	0.0182	0.2206	-0.244	0.0292	0.0264	0.9406	0.0214	-0.0239	-0.4961	0.0489	-0.0069	-0.3336	0.0156	-0.0044	0.5194	0.1532	-0.0623	0.0896	0.7135	-0.0567	0.0865	0.1256	0.0048	0.0583
IREB2	-0.1239	-0.465	0.2553	-0.2437	-0.4712	-0.117	-0.2545	0.0507	-0.0141	-0.1695	0.7683	0.4632	-0.0008	-0.3859	-0.2492	0.0617	0.039	-0.0755	-0.3268	-0.2199	0.0601	0.4805	0.2	-0.2376	0.0651	-0.0298	0.3285	-0.7274	-0.4711	-0.0671	0.3647	0.138	0.0453	0.0839	-0.3861	-0.1273	-0.0196	0.5131	0.1093	-0.0029
MDH1	0.2207	0.0485	-0.0843	0.5399	0.0856	-0.0369	0.3634	0.0501	0.0391	0.132	0.0859	0.4952	0.0064	0.0037	0.3056	0.2269	0.0306	0.3125	0.1819	-0.0082	0.0333	0.0934	0.1599	-0.2282	-0.4274	-0.0328	0.2085	-0.1119	0.0842	-0.0432	0.0747	0.1247	0.1039	0.3282	-0.4252	0.2502	-0.0224	0.2562	0.3306	-0.006
MDH1B	0.2199	0.0368	-0.0872	0.265	0.1283	-0.015	0.4153	0.0545	0.0053	0.151	0.0713	0.1287	-0.0024	-0.3562	0.324	0.2803	0.0419	0.3336	0.0478	-0.0151	-0.4145	-0.9124	-0.246	-1.1549	-0.3809	-0.0473	0.1916	-0.1042	0.1284	-0.0154	-0.0343	0.1233	0.1291	-0.115	-0.4088	0.2614	-0.0586	0.273	0.3978	0.0453
MDH2	-0.0884	0.3813	-0.0047	-0.2454	-0.5109	0.322	0.4559	0.0281	0.0967	0.5536	0.0725	0.1163	0.4298	0.0808	0.6556	0.3053	-0.0152	0.5811	0.1948	0.1387	0.3874	0.1451	0.119	-0.2872	0.5049	-0.0722	0.9443	-0.0573	0.5008	0.628	0.4088	0.4888	-0.7944	0.4639	0.0896	0.5277	0.0016	0.2934	-0.8172	-0.0528
PDHX	0.2658	0.0964	0.0307	-0.2247	-0.4573	0.3191	0.3778	0.0339	-0.0862	-0.2071	-0.321	0.151	-0.021	0.1546	-0.1935	-0.3186	0.0316	0.3352	-0.2728	0.1463	0.0558	0.1377	-0.3322	-0.2493	0.5387	-0.0466	-0.739	0.2833	-0.4233	0.016	0.3999	0.1442	0.1344	0.0507	-0.4856	-0.1007	-0.0219	-0.4977	-0.8055	-0.0167
PFKL	0.3019	0.4314	-0.698	-0.2854	0.5199	-0.0504	0.7433	0.106	-0.3956	0.1519	0.609	-0.4966	-0.0221	-0.0703	-0.2355	-0.2671	-0.069	0.3779	0.2007	-0.2941	0.374	0.1151	0.3413	-0.2367	0.0874	0.0464	0.1682	0.5655	0.3625	0.4452	-0.5892	-0.3832	0.0617	-0.1471	-0.2346	-0.22	0.0024	0.1952	-0.0732	0.0864
PFKM	0.297	0.0548	-0.1172	0.3444	0.1922	0.3841	-0.2126	0.0638	0.0576	0.0654	0.1134	0.3949	-0.0215	-0.2191	0.6993	0.3086	-0.0034	-0.0443	-0.2815	0.1042	0.0323	0.4183	0.1852	-0.2149	0.4463	-0.0807	0.1742	0.2687	0.0998	-0.0475	0.0111	-0.3744	0.1218	0.106	-0.2137	0.3048	-0.0002	-0.0107	-0.304	0.0318
PFKP	-0.0756	-0.5108	-0.0794	0.3008	-0.3403	-0.0917	-1.1166	-0.9453	0.054	0.1941	0.4162	0.129	-0.0437	0.0146	-0.1921	-0.2883	0.0796	-0.0534	-0.3183	0.3078	0.069	-0.932	1.0945	0.638	0.5361	-0.0248	-0.2334	-0.9731	0.0474	-0.6804	-0.0031	-0.6058	0.1148	-0.4457	0.206	-0.7299	-0.0667	-0.6609	-0.3876	-0.0286
PGAM1	-0.0816	-0.4987	-0.0861	-0.2408	0.1051	-0.0413	-0.1137	0.0539	0.0541	0.158	0.0802	0.1261	-0.0089	0.0195	0.3492	0.2646	0.0484	-0.0547	-0.3263	0.3042	-0.4235	0.1536	0.1507	0.1497	0.5134	-0.0427	-0.2177	0.2324	-0.4525	-0.5879	-0.0037	-0.0076	-0.8387	-0.2802	0.1934	-0.7317	0.0043	-0.6194	-0.3485	0.0178
PGAM2	-0.0968	0.3994	0.003	0.3793	0.4965	0.2221	0.8622	0.0608	0.1655	0.1641	-0.3005	0.1425	0.4885	0.1228	0.7288	0.3313	0.0104	0.6597	0.2312	0.1555	0.0351	0.4845	0.211	-0.2577	0.536	-0.0692	0.142	-0.1885	0.3713	0.7027	0.3737	0.5182	-0.8153	0.522	0.3377	0.6373	-0.0402	0.2781	0.0669	0.0036
PGD	-0.6896	0.0522	-0.0841	0.1016	0.0951	-0.0715	0.379	0.0526	0.0062	0.1493	-0.3669	-0.5143	0.0381	0.0698	-0.2446	-0.2936	0.016	-0.6691	0.2435	-0.0343	0.3637	0.1157	-0.3365	-0.2649	-0.4816	-0.0433	-0.2792	0.8422	0.3881	-0.065	0.0041	0.1161	0.066	-0.1422	0.375	0.1831	-0.0197	0.2886	0.6622	0.009
PGK1	0.4991	0.0473	-0.0127	0.3513	0.3288	0.0098	0.049	0.0006	0.0013	-0.0777	-0.2431	-0.0911	0.2654	-0.2376	0.0257	-0.0165	-0.0153	0.2004	-0.1348	0.0323	-0.0129	-0.0075	0.0214	-0.0045	-0.3715	0.0124	-0.0069	0.1679	-0.0419	-0.0107	0.1387	-0.0219	0.0415	0.0184	-0.349	0.0048	0.0066	-0.0073	0.0293	-0.005
PGK2	0.3332	0.0617	-0.6295	0.3022	0.145	-0.0727	0.4252	0.0495	-0.0744	-0.2044	0.1598	-0.424	-0.0135	0.6728	-0.223	-0.2817	0.0399	-0.6373	0.5093	-0.3348	0.3558	-0.0094	0.2077	-0.2348	0.1571	0.2502	0.2894	-0.1987	0.0702	-0.0403	0.0003	0.1427	0.1364	-0.1045	0.1414	-0.1112	-0.0091	0.5412	-0.0236	0.016
PGLS	-0.0967	0.0322	-0.1105	-0.335	0.4062	-0.1372	-0.2424	0.0633	-0.0115	-0.1038	-0.9907	-0.5383	-0.0729	0.078	-0.2721	-0.3575	-0.0099	-0.0862	0.2113	-0.2396	0.0094	0.0514	-0.3496	-0.2317	-0.4696	-0.0366	-0.0427	-0.7093	0.033	0.2552	-0.5979	0.0837	0.0566	-0.2436	-0.1485	0.1005	-0.0428	0.1459	0.252	-0.0266
PGM1	-0.0807	0.0594	-0.0648	0.1996	0.5359	-0.0455	0.4221	0.0554	0.0362	0.1683	-0.3235	-0.3963	0.0589	0.144	-0.2028	-0.2751	0.097	-0.0472	0.258	-0.0408	0.1481	0.1474	-0.291	0.3309	-0.4495	-0.0493	-0.2142	-0.0656	0.4306	-0.0236	-0.0075	0.1656	0.108	-0.0867	0.1346	0.3314	0.0181	0.3195	0.3104	0.0177
PKLR	-0.0955	0.4095	0.2695	1.035	0.4794	-0.0817	0.3591	0.0708	0.2315	0.1428	-0.3317	0.0798	0.1698	0.0755	0.3057	0.6617	-0.0115	0.3287	-0.3252	0.6107	0.2162	0.0885	0.6055	-0.2452	0.4912	-0.2815	0.3166	0.751	0.3747	-0.049	-0.0322	0.6937	0.0221	0.3928	0.0822	0.2452	-0.0256	0.1487	-0.099	0.01
PKM	-0.0745	-0.4502	0.2453	-0.2437	-0.4712	-0.0895	-0.2545	0.0507	0.0138	-0.1695	0.7546	0.4923	-0.0069	-0.3859	-0.2334	0.0617	0.0021	-0.0419	-0.2985	-0.2199	0.012	0.4805	0.1721	-0.2376	0.0668	-0.038	0.3285	0.5451	0.671	-0.0671	0.3811	0.138	0.0613	0.0565	-0.3251	-0.1392	-0.0196	0.1927	0.1093	-0.0018
PRPS1	0.4289	0.0473	0.0025	0.922	0.3755	0.0419	0.0163	0.0005	-0.0374	-0.0629	0.3665	-0.0076	0.2654	-0.2376	0.0257	-0.0165	0.0377	0.2004	-0.1631	0.0191	-0.0129	-0.0075	0.0214	0.0066	-0.3782	-0.0021	-0.0069	0.2048	0.0065	0.0109	0.1533	-0.0219	-0.0083	0.0463	0.6301	0.0297	0.0475	-0.0049	0.0293	0.0183
PRPS1L1	-0.0568	0.4211	0.0039	0.3793	-0.4557	0.2585	0.8516	0.0282	0.1655	0.176	0.1	0.1511	0.4721	0.1213	0.748	0.3221	0.0763	0.6597	0.2312	0.1555	0.0657	0.7398	0.211	0.2921	0.5679	-0.1467	0.142	-0.1923	0.3713	0.6997	0.0232	0.5367	-0.8159	0.5398	0.3377	0.6421	0.0001	0.2819	0.1379	0.0049
PRPS2	-0.7845	0.001	-0.0004	-0.7166	-0.608	0.0314	-0.0414	0.0006	0.0173	-0.0687	-0.3517	0.0004	-0.3955	0.2675	-0.0132	-0.0165	0.0266	-0.401	0.8064	0.0036	-0.024	-0.0155	-0.0244	-0.0553	0.6391	-0.0261	0.0035	-0.4492	0.0027	-0.0085	-0.5274	-0.0428	-0.1094	-0.1003	-0.349	-0.0231	0.0195	-0.0228	-0.0263	0.0905
RBKS	0.2441	0.0499	-0.0812	0.4475	0.2108	-0.0572	0.369	0.0468	0.0441	0.1337	0.1148	0.4919	0.0069	0.0002	0.3111	0.26	0.0209	0.3207	0.1683	0.0025	0.046	0.1178	0.1557	-0.2319	-0.4297	-0.0192	0.2009	-0.089	0.0834	-0.0142	0.0729	0.1302	0.129	0.2976	-0.4106	0.2534	-0.0186	0.2555	0.315	0.0126
RPE	0.2199	0.0368	-0.0872	0.265	0.1283	-0.015	0.4153	0.0427	0.0944	0.151	0.1301	0.1011	-0.0024	-0.3599	0.3117	0.2998	0.0419	-0.0617	0.0478	-0.0276	-0.4522	-0.9124	-0.246	-1.1549	-0.3809	-0.031	0.1871	-0.1042	0.1394	-0.0154	-0.0164	0.1233	0.1291	-0.115	-0.4088	0.2798	-0.0109	0.273	0.3978	-0.0153
RPIA	0.2694	0.0485	-0.0466	0.5623	0.1069	-0.0326	0.7749	0.0501	0.0551	0.1069	0.1	0.4952	0.0064	0.1373	0.3318	0.2598	-0.1014	0.3285	0.1946	-0.0033	0.0782	0.1283	-0.2872	-0.2036	-0.3915	0.0316	0.2085	-0.0924	0.0846	-0.0598	0.1001	0.1055	0.0891	0.3044	-0.43	0.2841	-0.0069	0.2454	0.3665	-0.0146
SDHA	-0.1153	0.1334	0.369	-1.2343	-1.6967	0.3888	-0.2468	0.0142	-0.1421	0.7005	1.2131	0.1528	-1.0346	0.4775	-0.2306	0.3779	-0.9602	0.3901	0.5832	0.2668	0.3822	0.0474	0.6113	0.234	0.7878	0.0924	0.0963	0.2605	0.4927	0.364	0.6395	0.0463	0.1176	0.5661	0.347	0.1773	0.0082	-0.0669	-0.0331	0.1091
SDHB	-0.6834	0.0752	-0.0658	0.1191	0.1441	-0.0832	0.4259	0.0526	0.0112	0.1683	-0.3271	-0.5033	0.0446	0.0851	-0.2302	-0.3428	0.0583	-0.6302	0.2518	-0.0115	0.3408	0.138	-0.3288	-0.2347	-0.4816	-0.0483	-0.2515	-0.721	0.3584	-0.0075	0.0283	0.1239	0.068	-0.1422	0.0902	0.1819	-0.0197	0.2747	0.6622	0.0115
SDHC	-0.118	0.4095	0.2695	1.0014	0.4794	-0.0817	0.4074	0.0561	0.2315	0.1428	-0.9093	0.1117	0.1937	0.1184	0.3201	0.6011	-0.0115	0.3287	-0.3252	0.589	0.2162	0.153	0.2296	-0.2452	0.492	-0.3225	0.3692	0.1995	0.4173	-0.049	-0.01	0.1285	0.0356	0.0277	0.0558	0.2452	-0.0313	0.2427	-0.0626	-0.0121
SDHD	0.2192	0.349	-0.1385	-0.2627	0.1548	0.2865	0.4367	0.0426	-0.0474	-0.2143	-0.9698	-0.4887	-0.9764	0.4677	-0.2368	-0.3072	-0.0007	-0.6805	0.1453	-0.3421	0.0084	0.1177	0.1627	0.6204	0.5044	-0.0583	-0.7964	-0.7429	0.4669	-0.036	0.3556	-0.0316	0.0891	-0.4453	-0.0482	-0.1182	-0.055	0.6047	-0.7691	-0.0236
SUCLA2	-0.072	-0.0524	1.0874	-0.1873	-0.4655	-0.5785	-1.2204	0.1623	0.0127	-0.2383	-0.3031	-0.4555	-0.9024	-0.3866	-0.2365	-0.2649	0.0163	-0.072	-0.3652	-0.1023	-0.442	0.1225	-0.3088	0.2661	-0.4263	-0.032	-0.2382	-0.7224	-0.3921	0.1282	0.3912	-0.3456	-0.0663	0.0881	-0.1811	-0.646	-0.0481	0.4838	-0.2751	-0.0125
SUCLG1	0.2789	0.0485	-0.0497	0.5908	0.1268	-0.0256	0.8386	0.0501	0.0391	0.132	0.1	0.4952	0.0064	0.0256	0.3318	0.2897	0.0378	0.3285	0.1946	0.0393	0.0782	0.0934	-0.2872	-0.2008	-0.3915	-0.0354	0.2085	-0.0472	0.0962	-0.0432	0.1205	0.4299	0.1487	0.3282	-0.43	0.339	-0.0224	0.269	0.3306	-0.006
SUCLG2	-0.0308	-0.5073	-0.6141	-0.1999	0.1401	-0.0384	-0.1311	0.048	-0.2177	-2.8319	-0.2935	-0.4557	0.4105	0.1494	-0.1553	-0.2906	0.0745	-0.6286	0.2112	-0.4804	-0.4214	-0.9106	-0.2374	-0.2197	-0.3205	-0.066	0.9474	-0.0838	0.089	-0.0777	-0.559	0.1041	-0.9133	0.1344	-0.0532	0.4509	-0.0365	0.866	0.0257	0.0296
TALDO1	0.2157	0.0169	0.3218	-0.3077	-0.4837	0.3155	0.351	0.0961	-0.1217	-0.2201	-1.0488	0.0857	-0.058	0.1226	-0.2334	-0.3271	0.0152	0.3292	-0.2051	0.1526	0.1067	0.1008	-0.3301	-0.256	-0.5049	-0.0107	-0.7633	-0.1784	-0.4604	-0.11	0.424	-0.3952	0.1053	0.0051	-0.4995	-0.2316	-0.0265	-0.5515	-0.01	0.0492
TKT	-0.0768	0.403	-0.6282	-0.1999	0.0729	-0.0838	-0.2158	0.0631	-0.1986	-0.2453	-0.972	-0.4557	0.3246	0.0946	-0.2082	-0.2716	0.0065	-0.6344	0.2112	-0.5007	-0.4474	-0.9424	-0.2894	0.1928	-0.3205	-0.066	0.3077	-0.0895	0.0705	-0.0777	-0.55	0.4345	-0.2395	0.0856	-0.0319	-0.1985	-0.0528	-0.5543	-0.0502	-0.0124
TKTL1	0.4142	0.0223	-0.0076	0.4537	0.4024	-0.0724	-0.0597	0.0399	-0.0559	0.4686	0.379	-0.0126	0.351	-0.2376	-0.0216	-0.0165	0.0182	0.2206	-0.244	0.0292	0.0264	0.9406	0.0214	-0.0239	-0.4961	0.0489	-0.0069	-0.3336	0.0156	-0.0044	0.544	0.1511	-0.0623	0.0896	0.7135	-0.0567	0.0865	0.1256	0.0048	0.0583
TKTL2	-0.5812	-0.4693	-0.1113	-1.0782	-0.44	-0.1198	-0.1486	0.0166	-0.0318	-0.869	-0.2772	-0.3793	-0.02	0.1038	-0.1926	-0.2536	0.0265	-0.0439	-0.3106	0.0905	0.0086	-0.1963	-1.1461	-0.2162	-0.3958	0.2259	0.0357	0.1046	-0.4347	0.001	-0.567	0.1632	0.1342	-0.1723	-0.2855	-0.6918	-0.0114	-0.6259	-0.306	-0.0558
TMEM54	-0.0911	0.0417	-0.1009	0.0968	0.0926	-0.0863	0.372	0.0548	-0.0007	0.1683	-0.3577	-0.5331	0.0239	0.0828	-0.2302	-0.3281	0.017	-0.6777	0.2309	-0.0438	0.3458	0.1264	-0.3288	-0.2357	-0.4816	-0.0484	-0.2686	-0.1234	0.3565	-0.0586	-0.0213	0.1249	0.0691	-0.1422	0.2249	0.2287	-0.0166	0.2901	0.2082	0.0115
TPI1	0.2533	-0.5567	-0.0758	0.8675	-0.1156	0.3282	-0.2672	0.0654	0.0034	0.0583	-0.3487	0.3624	-0.0401	-0.1913	0.7081	-0.3787	0.042	-0.1047	-0.3064	0.0703	-0.3966	0.0818	-0.3643	0.2913	-1.4976	-0.0132	0.1366	-0.1138	0.0834	-0.0796	-0.0407	-0.4014	-0.9342	-0.0621	-0.2714	0.2209	-0.0228	-0.0616	-0.3127	0.0173
